pushplus_token: 123456abc ## pushplus推送token
refresh_token: 123456abc ## 阿里云网盘刷新token
bilibili_cookie: 123456abc ## B站cookie
kk_cookie: 123456abc ##夸克网盘cookie
jd_cookie: __jdu=17237978288121606124764; shshshfpa=01954e68-6159-f549-5ff4-fb7ed0961341-1723797834; shshshfpx=01954e68-6159-f549-5ff4-fb7ed0961341-1723797834; pinId=CJ5--rxbPn-p1rOkclCGow; DeviceSeq=0e709694edeb44afa7c3d6a513550c6d; pin=wdEnsWLeiOzgOQ; unick=Sonny_little_boy; _tp=Y1Pyd8HjQ06XyBTBCl7Ajg%3D%3D; _pst=wdEnsWLeiOzgOQ; mlcnMainItp=8f6f90d9737333208d96f8a3cdc44e7b; unpl=JF8EAMpnNSttUU5UVh1WExsUTwoHW1pbH0QFaDQHXFQNHwNQElEZFkV7XlVdWBRLFx9sYRRUWVNJUA4fASsSEXteXVdZDEsWC2tXVgQFDQ8VXURJQlZAFDNVCV9dSRZRZjJWBFtdT1xWSAYYRRMfDlAKDlhCR1FpMjVkXlh7VAQrAh0REk1VUldeAUIXAG9gBFNdW05SAh4yGiIXe21kWFoMTBMHX2Y1VW0aHwgHEwoTFxIGXVJdXw5DEQpsbgxUXlhMVQIbAR4UF05tVW5e; _t=ss6ZifpFz7TbNxOqT9IGET734tqXZvo6NWvy665B96k=; TrackID=12s8l-RDOwtk2x-E0Ak1D_PUS2AiD0wu-E6-0if3RxRM_BqnzpNYC7m2vy6tcLrGZlgo-TLbt7pvszGj1J2BokZKBAzbFVeOYoYvQDyPdvfI; thor=4AD938D6B151CBD3D39436AF220A13D3EDD9DC95A57A012E41BD795DE51D24ACA9F72079647A3347FAE7BBCC7B8CF529BAABD645CD67018EFE359CF1D46210C7D77E9554C232FA491823EA2D4B9BC809CB2C357AB271D3548DF4842881D195DD2EA5759FB37624DBEE935757FF6DC019ED77BEFDC6B565B213A395F94E3F9236D3E5137439F02DDF6D82CDD27078F992; light_key=AASBKE7rOxgWQziEhC_QY6yayULEjykdtlySsf5O_hHi5oP9HCNglCzxs_NuVVNTit3NqA-4; ceshi3.com=201; __jdv=76161171|baidu-pinzhuan|t_288551095_baidupinzhuan|cpc|0f3d30c8dba7459bb52f2eb5eba8ac7d_0_841b7e9855fb46beb76b398defd8b35d|1732693047754; PCSYCityID=CN_110000_110100_0; areaId=1; ipLoc-djd=1-72-0-0; umc_count=1; flash=3_s7OKPJEgZHKK9BoFaqTRHtEJBtU8_yWij8k8R8wpf7hNnr8aaPlAiHK3VVh_hyZzXg7OiyAjJ4rfWikALBOKv1sVt6luUexDQV60ZC3YpTDtULRFPidxjhaz8iC4lozS9lcAFaYERnSIA6RcRGDM9Z-uUhRV4es-k-WEnxokxAVqnUOTxQe*; 3AB9D23F7A4B3CSS=jdd03E2D3DVUZSZD27GR55QBTE623C7EMSYOCMJJ7ZH4WOEHYZURHT5I3UYRTRHO6Z35BLCNJJRFNHFAX5NMJJEKRRX65NAAAAAMTNSHHZ4IAAAAADHTHGRYTGXWZV4X; _gia_d=1; 3AB9D23F7A4B3C9B=E2D3DVUZSZD27GR55QBTE623C7EMSYOCMJJ7ZH4WOEHYZURHT5I3UYRTRHO6Z35BLCNJJRFNHFAX5NMJJEKRRX65NA; shshshfpb=BApXSt0eGb_ZAY-B4kx4b_e09kglrUKKbBmE4fxts9xJ1MvYqooC2; __jda=173673530.17237978288121606124764.1723797829.1730878655.1732693017.6; __jdc=173673530; __jdb=173673530.12.17237978288121606124764|6.1732693017 ##京东cookie
